

  number of threads = 2
  -------------------------------------------------------------
                         Pi Monte Carlo
  -------------------------------------------------------------
         n  |       times        |    s   |      results
  -------------------------------------------------------------
   1600000  |  0.2147    0.1088  |  1.97  |  3.1429    3.1439
  17600000  |  2.3727    1.1907  |  1.99  |  3.1410    3.1420
  33600000  |  4.4608    2.3258  |  1.92  |  3.1414    3.1417
  49600000  |  6.6157    3.3665  |  1.97  |  3.1413    3.1417
  65600000  |  8.7590    4.4682  |  1.96  |  3.1416    3.1417
  81600000  |  10.8175    5.4852  |  1.97  |  3.1414    3.1413
  97600000  |  12.8252    6.6249  |  1.94  |  3.1415    3.1415
 113600000  |  15.0380    7.5613  |  1.99  |  3.1414    3.1418
 129600000  |  17.1293    8.6120  |  1.99  |  3.1414    3.1413
 145600000  |  19.1235    9.7427  |  1.96  |  3.1414    3.1413

  number of threads = 3
  -------------------------------------------------------------
                         Pi Monte Carlo
  -------------------------------------------------------------
         n  |       times        |    s   |      results
  -------------------------------------------------------------
   1600000  |  0.2174    0.0822  |  2.65  |  3.1416    3.1423
  17600000  |  2.3255    0.8124  |  2.86  |  3.1411    3.1418
  33600000  |  4.4064    1.5244  |  2.89  |  3.1418    3.1414
  49600000  |  6.5351    2.2462  |  2.91  |  3.1413    3.1416
  65600000  |  8.5998    2.9695  |  2.90  |  3.1412    3.1409
  81600000  |  10.8570    3.8229  |  2.84  |  3.1417    3.1419
  97600000  |  12.8900    4.4330  |  2.91  |  3.1414    3.1419
 113600000  |  14.9335    5.1778  |  2.88  |  3.1415    3.1416
 129600000  |  17.1608    5.9221  |  2.90  |  3.1414    3.1421
 145600000  |  19.4227    6.6976  |  2.90  |  3.1415    3.1416

  number of threads = 4
  -------------------------------------------------------------
                         Pi Monte Carlo
  -------------------------------------------------------------
         n  |       times        |    s   |      results
  -------------------------------------------------------------
   1600000  |  0.2174    0.0641  |  3.39  |  3.1422    3.1421
  17600000  |  2.3696    0.6707  |  3.53  |  3.1421    3.1418
  33600000  |  4.5084    1.3167  |  3.42  |  3.1415    3.1412
  49600000  |  6.6437    1.7727  |  3.75  |  3.1419    3.1418
  65600000  |  8.6008    2.3105  |  3.72  |  3.1414    3.1413
  81600000  |  10.8230    2.9534  |  3.66  |  3.1414    3.1419
  97600000  |  12.9467    3.5634  |  3.63  |  3.1415    3.1412
 113600000  |  14.9608    4.0767  |  3.67  |  3.1416    3.1415
 129600000  |  17.0129    4.5881  |  3.71  |  3.1413    3.1415
 145600000  |  19.3035    5.2056  |  3.71  |  3.1416    3.1413


  number of threads = 5
  -------------------------------------------------------------
                         Pi Monte Carlo
  -------------------------------------------------------------
         n  |       times        |    s   |      results
  -------------------------------------------------------------
   1600000  |  0.2164    0.0583  |  3.71  |  3.1422    3.1414
  17600000  |  2.3111    0.5975  |  3.87  |  3.1412    3.1408
  33600000  |  4.4064    1.1166  |  3.95  |  3.1412    3.1423
  49600000  |  6.5398    1.6296  |  4.01  |  3.1414    3.1416
  65600000  |  8.6586    2.1314  |  4.06  |  3.1413    3.1414
  81600000  |  10.7192    2.7284  |  3.93  |  3.1412    3.1413
  97600000  |  12.8516    3.2237  |  3.99  |  3.1415    3.1413
 113600000  |  15.0022    3.7130  |  4.04  |  3.1415    3.1424
 129600000  |  17.0177    4.3898  |  3.88  |  3.1415    3.1419
 145600000  |  19.2372    4.7602  |  4.04  |  3.1414    3.1416

  

number of threads = 6
  -------------------------------------------------------------
                         Pi Monte Carlo
  -------------------------------------------------------------
         n  |       times        |    s   |      results
  -------------------------------------------------------------
   1600000  |  0.2154    0.0520  |  4.14  |  3.1405    3.1419
  17600000  |  2.3184    0.5417  |  4.28  |  3.1412    3.1428
  33600000  |  4.3997    0.9853  |  4.47  |  3.1415    3.1406
  49600000  |  6.5505    1.4742  |  4.44  |  3.1414    3.1416
  65600000  |  8.6753    1.9620  |  4.42  |  3.1413    3.1414
  81600000  |  10.7692    2.4613  |  4.38  |  3.1416    3.1410
  97600000  |  12.8549    2.9478  |  4.36  |  3.1415    3.1419
 113600000  |  14.9492    3.3799  |  4.42  |  3.1417    3.1414
 129600000  |  17.1561    3.8111  |  4.50  |  3.1415    3.1419
 145600000  |  19.2604    4.3368  |  4.44  |  3.1415    3.1413 


number of threads = 7
  -------------------------------------------------------------
                         Pi Monte Carlo
  -------------------------------------------------------------
         n  |       times        |    s   |      results
  -------------------------------------------------------------
   1600000  |  0.2155    0.0451  |  4.77  |  3.1438    3.1469
  17600000  |  2.3465    0.4810  |  4.88  |  3.1415    3.1414
  33600000  |  4.4215    0.9212  |  4.80  |  3.1410    3.1406
  49600000  |  6.5483    1.3609  |  4.81  |  3.1416    3.1420
  65600000  |  8.6747    1.8083  |  4.80  |  3.1415    3.1419
  81600000  |  10.7049    2.2556  |  4.75  |  3.1415    3.1421
  97600000  |  12.7964    2.6491  |  4.83  |  3.1416    3.1421
 113600000  |  14.9017    3.1195  |  4.78  |  3.1416    3.1416
 129600000  |  17.1711    3.5493  |  4.84  |  3.1416    3.1412
 145600000  |  19.2821    3.9812  |  4.84  |  3.1416    3.1418 
 

number of threads = 8
  -------------------------------------------------------------
                         Pi Monte Carlo
  -------------------------------------------------------------
         n  |       times        |    s   |      results
  -------------------------------------------------------------
   1600000  |  0.2168    0.0410  |  5.29  |  3.1420    3.1474
  17600000  |  2.3434    0.4545  |  5.16  |  3.1411    3.1406
  33600000  |  4.4522    0.8918  |  4.99  |  3.1415    3.1435
  49600000  |  6.5892    1.3485  |  4.89  |  3.1416    3.1418
  65600000  |  8.7451    1.7803  |  4.91  |  3.1412    3.1416
  81600000  |  10.8621    2.2199  |  4.89  |  3.1414    3.1417
  97600000  |  13.0528    2.6400  |  4.94  |  3.1415    3.1411
 113600000  |  15.1202    3.0508  |  4.96  |  3.1417    3.1417
 129600000  |  17.2851    3.5302  |  4.90  |  3.1414    3.1409
 145600000  |  19.3887    3.9106  |  4.96  |  3.1416    3.1412

=================================================================
==================================================================================================================================


2


  number of threads = 2
  -------------------------------------------------------------
                         Pi Monte Carlo
  -------------------------------------------------------------
         n  |       times        |    s   |      results
  -------------------------------------------------------------
   1600000  |  0.0903    0.0454  |  1.99  |  3.1413    3.1390
  17600000  |  0.9944    0.4994  |  1.99  |  3.1414    3.1397
  33600000  |  1.7324    0.8594  |  2.02  |  3.1411    3.1419
  49600000  |  2.5035    1.2639  |  1.98  |  3.1417    3.1418
  65600000  |  3.3129    1.6721  |  1.98  |  3.1414    3.1416
  81600000  |  4.1120    2.0658  |  1.99  |  3.1416    3.1416
  97600000  |  4.9059    2.4739  |  1.98  |  3.1416    3.1420
 113600000  |  5.7291    2.8856  |  1.99  |  3.1414    3.1414
 129600000  |  6.5452    3.2955  |  1.99  |  3.1416    3.1413
 145600000  |  7.3212    3.6849  |  1.99  |  3.1415    3.1418
3


  number of threads = 3
  -------------------------------------------------------------
                         Pi Monte Carlo
  -------------------------------------------------------------
         n  |       times        |    s   |      results
  -------------------------------------------------------------
   1600000  |  0.0983    0.0321  |  3.06  |  3.1415    3.1426
  17600000  |  0.9912    0.3328  |  2.98  |  3.1422    3.1423
  33600000  |  1.7640    0.5708  |  3.09  |  3.1416    3.1412
  49600000  |  2.5049    0.8431  |  2.97  |  3.1422    3.1413
  65600000  |  3.3125    1.1168  |  2.97  |  3.1417    3.1423
  81600000  |  4.1164    1.4010  |  2.94  |  3.1415    3.1409
  97600000  |  4.9271    1.6639  |  2.96  |  3.1416    3.1415
 113600000  |  5.7409    1.9317  |  2.97  |  3.1411    3.1416
 129600000  |  6.5544    2.2056  |  2.97  |  3.1415    3.1414
 145600000  |  7.3662    2.4731  |  2.98  |  3.1415    3.1417
4


  number of threads = 4
  -------------------------------------------------------------
                         Pi Monte Carlo
  -------------------------------------------------------------
         n  |       times        |    s   |      results
  -------------------------------------------------------------
   1600000  |  0.0901    0.0244  |  3.69  |  3.1415    3.1410
  17600000  |  0.9904    0.2483  |  3.99  |  3.1423    3.1422
  33600000  |  1.7643    0.4252  |  4.15  |  3.1418    3.1416
  49600000  |  2.5041    0.6289  |  3.98  |  3.1416    3.1419
  65600000  |  3.3149    0.8327  |  3.98  |  3.1416    3.1420
  81600000  |  4.1279    1.0346  |  3.99  |  3.1414    3.1415
  97600000  |  4.9384    1.2386  |  3.99  |  3.1414    3.1422
 113600000  |  5.7480    1.4365  |  4.00  |  3.1416    3.1407
 129600000  |  6.5569    1.6457  |  3.98  |  3.1411    3.1416
 145600000  |  7.3618    1.8434  |  3.99  |  3.1416    3.1417
5


  number of threads = 5
  -------------------------------------------------------------
                         Pi Monte Carlo
  -------------------------------------------------------------
         n  |       times        |    s   |      results
  -------------------------------------------------------------
   1600000  |  0.0920    0.0207  |  4.45  |  3.1426    3.1441
  17600000  |  0.9943    0.1995  |  4.98  |  3.1420    3.1410
  33600000  |  1.8255    0.3581  |  5.10  |  3.1419    3.1416
  49600000  |  2.6299    0.5290  |  4.97  |  3.1415    3.1421
  65600000  |  3.4796    0.6996  |  4.97  |  3.1417    3.1414
  81600000  |  4.3275    0.8702  |  4.97  |  3.1415    3.1418
  97600000  |  5.1724    1.0392  |  4.98  |  3.1417    3.1408
 113600000  |  6.0131    1.2099  |  4.97  |  3.1416    3.1419
 129600000  |  6.8600    1.3814  |  4.97  |  3.1416    3.1416
 145600000  |  7.7069    1.5513  |  4.97  |  3.1416    3.1416
6


  number of threads = 6
  -------------------------------------------------------------
                         Pi Monte Carlo
  -------------------------------------------------------------
         n  |       times        |    s   |      results
  -------------------------------------------------------------
   1600000  |  0.0980    0.0178  |  5.50  |  3.1417    3.1413
  17600000  |  0.9902    0.1657  |  5.98  |  3.1422    3.1406
  33600000  |  1.8241    0.2977  |  6.13  |  3.1416    3.1415
  49600000  |  2.6266    0.4402  |  5.97  |  3.1417    3.1418
  65600000  |  3.4730    0.5816  |  5.97  |  3.1420    3.1418
  81600000  |  4.3200    0.7240  |  5.97  |  3.1414    3.1417
  97600000  |  5.1763    0.8651  |  5.98  |  3.1416    3.1415
 113600000  |  6.0338    1.0089  |  5.98  |  3.1415    3.1422
 129600000  |  6.8918    1.1510  |  5.99  |  3.1416    3.1419
 145600000  |  7.7075    1.2929  |  5.96  |  3.1415    3.1418
7


  number of threads = 7
  -------------------------------------------------------------
                         Pi Monte Carlo
  -------------------------------------------------------------
         n  |       times        |    s   |      results
  -------------------------------------------------------------
   1600000  |  0.1154    0.0218  |  5.30  |  3.1415    3.1397
  17600000  |  0.9955    0.1426  |  6.98  |  3.1415    3.1437
  33600000  |  1.8229    0.2575  |  7.08  |  3.1415    3.1408
  49600000  |  2.6466    0.3784  |  6.99  |  3.1417    3.1415
  65600000  |  3.4840    0.5004  |  6.96  |  3.1417    3.1422
  81600000  |  4.3311    0.6223  |  6.96  |  3.1417    3.1412
  97600000  |  5.1773    0.7481  |  6.92  |  3.1415    3.1425
 113600000  |  6.0209    0.8667  |  6.95  |  3.1417    3.1418
 129600000  |  6.8779    0.9884  |  6.96  |  3.1410    3.1416
 145600000  |  7.7139    1.1106  |  6.95  |  3.1413    3.1418
8


  number of threads = 8
  -------------------------------------------------------------
                         Pi Monte Carlo
  -------------------------------------------------------------
         n  |       times        |    s   |      results
  -------------------------------------------------------------
   1600000  |  0.0979    0.0148  |  6.62  |  3.1426    3.1364
  17600000  |  1.0022    0.1541  |  6.51  |  3.1420    3.1437
  33600000  |  1.8487    0.2775  |  6.66  |  3.1419    3.1422
  49600000  |  2.6633    0.4097  |  6.50  |  3.1418    3.1414
  65600000  |  3.5191    0.5419  |  6.49  |  3.1416    3.1416
  81600000  |  4.3792    0.6740  |  6.50  |  3.1414    3.1419
  97600000  |  5.2447    0.8044  |  6.52  |  3.1418    3.1415
 113600000  |  6.1125    0.9367  |  6.53  |  3.1415    3.1418
 129600000  |  6.9616    1.0682  |  6.52  |  3.1416    3.1414
 145600000  |  7.8074    1.2032  |  6.49  |  3.1415    3.1420
9


  number of threads = 9
  -------------------------------------------------------------
                         Pi Monte Carlo
  -------------------------------------------------------------
         n  |       times        |    s   |      results
  -------------------------------------------------------------
   1600000  |  0.0956    0.0188  |  5.10  |  3.1396    3.1399
  17600000  |  0.9903    0.1588  |  6.24  |  3.1415    3.1421
  33600000  |  1.8223    0.2851  |  6.39  |  3.1415    3.1404
  49600000  |  2.6257    0.4207  |  6.24  |  3.1417    3.1407
  65600000  |  3.4726    0.5564  |  6.24  |  3.1419    3.1415
  81600000  |  4.3195    0.6923  |  6.24  |  3.1415    3.1418
  97600000  |  5.1664    0.8281  |  6.24  |  3.1417    3.1421
 113600000  |  6.0137    0.9647  |  6.23  |  3.1412    3.1423
 129600000  |  6.8600    1.1005  |  6.23  |  3.1419    3.1418
 145600000  |  7.7085    1.2353  |  6.24  |  3.1415    3.1409
10


  number of threads = 10
  -------------------------------------------------------------
                         Pi Monte Carlo
  -------------------------------------------------------------
         n  |       times        |    s   |      results
  -------------------------------------------------------------
   1600000  |  0.1155    0.0189  |  6.10  |  3.1420    3.1469
  17600000  |  1.2702    0.1430  |  8.89  |  3.1418    3.1413
  33600000  |  2.3097    0.2573  |  8.98  |  3.1418    3.1410
  49600000  |  3.3693    0.3787  |  8.90  |  3.1416    3.1423
  65600000  |  4.4573    0.5010  |  8.90  |  3.1417    3.1421
  81600000  |  5.5441    0.6232  |  8.90  |  3.1416    3.1410
  97600000  |  6.6308    0.7461  |  8.89  |  3.1418    3.1424
 113600000  |  7.7178    0.8676  |  8.90  |  3.1419    3.1422
 129600000  |  8.8188    1.0004  |  8.82  |  3.1416    3.1415
 145600000  |  9.9098    1.1239  |  8.82  |  3.1416    3.1418
11


  number of threads = 11
  -------------------------------------------------------------
                         Pi Monte Carlo
  -------------------------------------------------------------
         n  |       times        |    s   |      results
  -------------------------------------------------------------
   1600000  |  0.0902    0.0203  |  4.43  |  3.1415    3.1393
  17600000  |  0.9911    0.1391  |  7.12  |  3.1417    3.1416
  33600000  |  1.8469    0.2499  |  7.39  |  3.1414    3.1415
  49600000  |  2.6801    0.3688  |  7.27  |  3.1414    3.1417
  65600000  |  3.5452    0.4878  |  7.27  |  3.1417    3.1410
  81600000  |  4.3943    0.6070  |  7.24  |  3.1417    3.1420
  97600000  |  5.2181    0.7257  |  7.19  |  3.1413    3.1412
 113600000  |  6.0740    0.8450  |  7.19  |  3.1414    3.1417
 129600000  |  6.9283    0.9638  |  7.19  |  3.1418    3.1418
 145600000  |  7.7813    1.0826  |  7.19  |  3.1418    3.1412
12


  number of threads = 12
  -------------------------------------------------------------
                         Pi Monte Carlo
  -------------------------------------------------------------
         n  |       times        |    s   |      results
  -------------------------------------------------------------
   1600000  |  0.1167    0.0165  |  7.08  |  3.1398    3.1390
  17600000  |  1.2829    0.1248  |  10.28  |  3.1419    3.1427
  33600000  |  2.2851    0.2255  |  10.13  |  3.1417    3.1412
  49600000  |  3.4001    0.3334  |  10.20  |  3.1418    3.1407
  65600000  |  4.4972    0.4410  |  10.20  |  3.1416    3.1416
  81600000  |  5.5939    0.5459  |  10.25  |  3.1417    3.1424
  97600000  |  6.6907    0.6535  |  10.24  |  3.1419    3.1400
 113600000  |  7.7875    0.7612  |  10.23  |  3.1417    3.1413
 129600000  |  8.8846    0.8691  |  10.22  |  3.1414    3.1406
 145600000  |  9.9813    0.9757  |  10.23  |  3.1415    3.1420
13


  number of threads = 13
  -------------------------------------------------------------
                         Pi Monte Carlo
  -------------------------------------------------------------
         n  |       times        |    s   |      results
  -------------------------------------------------------------
   1600000  |  0.1158    0.0219  |  5.29  |  3.1422    3.1405
  17600000  |  1.2707    0.1251  |  10.16  |  3.1414    3.1432
  33600000  |  2.3568    0.2254  |  10.45  |  3.1423    3.1408
  49600000  |  3.4535    0.3328  |  10.38  |  3.1419    3.1415
  65600000  |  4.5714    0.4401  |  10.39  |  3.1416    3.1425
  81600000  |  5.6903    0.5476  |  10.39  |  3.1415    3.1426
  97600000  |  6.8064    0.6561  |  10.37  |  3.1416    3.1410
 113600000  |  7.9234    0.7663  |  10.34  |  3.1415    3.1415
 129600000  |  9.0427    0.8746  |  10.34  |  3.1413    3.1417
 145600000  |  10.1400    0.9830  |  10.32  |  3.1415    3.1420
14


  number of threads = 14
  -------------------------------------------------------------
                         Pi Monte Carlo
  -------------------------------------------------------------
         n  |       times        |    s   |      results
  -------------------------------------------------------------
   1600000  |  0.0853    0.0192  |  4.45  |  3.1424    3.1408
  17600000  |  0.9365    0.1086  |  8.62  |  3.1425    3.1409
  33600000  |  1.7601    0.1993  |  8.83  |  3.1414    3.1424
  49600000  |  2.5658    0.2946  |  8.71  |  3.1414    3.1403
  65600000  |  3.3958    0.3894  |  8.72  |  3.1416    3.1413
  81600000  |  4.2201    0.4844  |  8.71  |  3.1418    3.1411
  97600000  |  5.0471    0.5787  |  8.72  |  3.1416    3.1424
 113600000  |  5.8664    0.6744  |  8.70  |  3.1416    3.1411
 129600000  |  6.6941    0.7466  |  8.97  |  3.1416    3.1418
 145600000  |  7.5167    0.8381  |  8.97  |  3.1417    3.1407
15


  number of threads = 15
  -------------------------------------------------------------
                         Pi Monte Carlo
  -------------------------------------------------------------
         n  |       times        |    s   |      results
  -------------------------------------------------------------
   1600000  |  0.1155    0.0213  |  5.43  |  3.1406    3.1368
  17600000  |  1.2703    0.0980  |  12.96  |  3.1417    3.1399
  33600000  |  2.3121    0.1759  |  13.15  |  3.1416    3.1425
  49600000  |  3.3685    0.2597  |  12.97  |  3.1417    3.1406
  65600000  |  4.4554    0.3435  |  12.97  |  3.1412    3.1415
  81600000  |  5.5462    0.4272  |  12.98  |  3.1418    3.1412
  97600000  |  6.6349    0.5260  |  12.61  |  3.1416    3.1420
 113600000  |  7.7207    0.6124  |  12.61  |  3.1417    3.1414
 129600000  |  8.8302    0.6980  |  12.65  |  3.1416    3.1419
 145600000  |  9.9011    0.7848  |  12.62  |  3.1415    3.1424
16


  number of threads = 16
  -------------------------------------------------------------
                         Pi Monte Carlo
  -------------------------------------------------------------
         n  |       times        |    s   |      results
  -------------------------------------------------------------
   1600000  |  0.1157    0.0153  |  7.55  |  3.1433    3.1570
  17600000  |  1.2707    0.0959  |  13.25  |  3.1419    3.1405
  33600000  |  2.4262    0.1776  |  13.66  |  3.1416    3.1432
  49600000  |  3.5809    0.2623  |  13.65  |  3.1417    3.1408
  65600000  |  4.7361    0.3495  |  13.55  |  3.1416    3.1414
  81600000  |  5.8913    0.4348  |  13.55  |  3.1417    3.1411
  97600000  |  7.0465    0.5204  |  13.54  |  3.1415    3.1413
 113600000  |  8.2011    0.6055  |  13.54  |  3.1416    3.1424
 129600000  |  9.3550    0.6894  |  13.57  |  3.1415    3.1413
 145600000  |  10.5106    0.7756  |  13.55  |  3.1415    3.1422









===================================================================================================================================================================================================

 number of threads = 2
  -------------------------------------------------------------
                           Min In Arr
  -------------------------------------------------------------
         n  |       times        |    s   |      results
  -------------------------------------------------------------
    100000  |  0.0016    0.0023  |  0.72  |  0    0
    200000  |  0.0032    0.0024  |  1.30  |  0    0
    400000  |  0.0064    0.0049  |  1.29  |  0    0
    800000  |  0.0126    0.0093  |  1.35  |  0    0
   1600000  |  0.0254    0.0177  |  1.44  |  0    0
   3200000  |  0.0511    0.0357  |  1.43  |  0    0
   6400000  |  0.0990    0.0711  |  1.39  |  0    0
  12800000  |  0.2019    0.1427  |  1.41  |  0    0
  25600000  |  0.3997    0.2853  |  1.40  |  0    0
  51200000  |  0.7964    0.5698  |  1.40  |  0    0
 102400000  |  1.6070    1.1392  |  1.41  |  0    0
 204800000  |  3.2024    2.3248  |  1.38  |  0    0
 409600000  |  6.5090    4.5767  |  1.42  |  0    0




  number of threads = 4
  -------------------------------------------------------------
                           Min In Arr
  -------------------------------------------------------------
         n  |       times        |    s   |      results
  -------------------------------------------------------------
    100000  |  0.0016    0.0012  |  1.34  |  0    0
    200000  |  0.0032    0.0012  |  2.70  |  0    0
    400000  |  0.0067    0.0031  |  2.18  |  0    0
    800000  |  0.0128    0.0041  |  3.11  |  0    0
   1600000  |  0.0255    0.0081  |  3.16  |  0    0
   3200000  |  0.0508    0.0160  |  3.17  |  0    0
   6400000  |  0.0997    0.0347  |  2.87  |  0    0
  12800000  |  0.2005    0.0645  |  3.11  |  0    0
  25600000  |  0.4038    0.1311  |  3.08  |  0    0
  51200000  |  0.8049    0.2644  |  3.04  |  0    0
 102400000  |  1.6042    0.5490  |  2.92  |  0    0
 204800000  |  3.2246    1.1638  |  2.77  |  0    0
 409600000  |  6.4262    2.2872  |  2.81  |  0    0



  number of threads = 8
  -------------------------------------------------------------
                           Min In Arr
  -------------------------------------------------------------
         n  |       times        |    s   |      results
  -------------------------------------------------------------
    100000  |  0.0016    0.0008  |  2.08  |  0    0
    200000  |  0.0032    0.0010  |  3.15  |  0    0
    400000  |  0.0066    0.0020  |  3.37  |  0    0
    800000  |  0.0141    0.0067  |  2.11  |  0    0
   1600000  |  0.0251    0.0081  |  3.11  |  0    0
   3200000  |  0.0520    0.0157  |  3.32  |  0    0
   6400000  |  0.1017    0.0301  |  3.38  |  0    0
  12800000  |  0.2039    0.0595  |  3.42  |  0    0
  25600000  |  0.4037    0.1166  |  3.46  |  0    0
  51200000  |  0.8040    0.2350  |  3.42  |  0    0
 102400000  |  1.6098    0.4856  |  3.32  |  0    0
 204800000  |  3.2414    0.9635  |  3.36  |  0    0
 409600000  |  6.4486    1.9473  |  3.31  |  0    0



==================================================================================================================================

  number of threads = 2
  -------------------------------------------------------------
                           Min In Arr
  -------------------------------------------------------------
         n  |       times        |    s   |      results
  -------------------------------------------------------------
    100000  |  0.0008    0.0007  |  1.10  |  3722    3722
    200000  |  0.0016    0.0015  |  1.03  |  6700    6700
    400000  |  0.0032    0.0026  |  1.21  |  1210    1210
    800000  |  0.0059    0.0049  |  1.21  |  2126    2126
   1600000  |  0.0118    0.0100  |  1.19  |  614    614
   3200000  |  0.0239    0.0192  |  1.25  |  37    37
   6400000  |  0.0482    0.0373  |  1.29  |  95    95
  12800000  |  0.0970    0.0747  |  1.30  |  448    448
  25600000  |  0.1934    0.1424  |  1.36  |  315    315
  51200000  |  0.3493    0.2718  |  1.29  |  7    7
 102400000  |  0.6992    0.5441  |  1.29  |  12    12
 204800000  |  1.3886    1.0819  |  1.28  |  4    4
 409600000  |  2.7901    2.1636  |  1.29  |  3    3
4


  number of threads = 4
  -------------------------------------------------------------
                           Min In Arr
  -------------------------------------------------------------
         n  |       times        |    s   |      results
  -------------------------------------------------------------
    100000  |  0.0009    0.0024  |  0.35  |  3722    3722
    200000  |  0.0017    0.0010  |  1.80  |  6700    6700
    400000  |  0.0035    0.0026  |  1.32  |  1210    1210
    800000  |  0.0061    0.0035  |  1.71  |  2126    2126
   1600000  |  0.0120    0.0070  |  1.72  |  614    614
   3200000  |  0.0243    0.0152  |  1.60  |  37    37
   6400000  |  0.0488    0.0259  |  1.89  |  95    95
  12800000  |  0.0979    0.0561  |  1.74  |  448    448
  25600000  |  0.1948    0.1027  |  1.90  |  315    315
  51200000  |  0.3485    0.1909  |  1.83  |  7    7
 102400000  |  0.6958    0.3804  |  1.83  |  12    12
 204800000  |  1.3903    0.7602  |  1.83  |  4    4
 409600000  |  2.7769    1.5617  |  1.78  |  3    3
8


  number of threads = 8
  -------------------------------------------------------------
                           Min In Arr
  -------------------------------------------------------------
         n  |       times        |    s   |      results
  -------------------------------------------------------------
    100000  |  0.0008    0.0037  |  0.22  |  3722    3722
    200000  |  0.0016    0.0009  |  1.79  |  6700    6700
    400000  |  0.0033    0.0017  |  1.98  |  1210    1210
    800000  |  0.0061    0.0046  |  1.30  |  2126    2126
   1600000  |  0.0121    0.0057  |  2.14  |  614    614
   3200000  |  0.0243    0.0114  |  2.13  |  37    37
   6400000  |  0.0489    0.0228  |  2.14  |  95    95
  12800000  |  0.0982    0.0470  |  2.09  |  448    448
  25600000  |  0.1961    0.0811  |  2.42  |  315    315
  51200000  |  0.3866    0.1583  |  2.44  |  7    7
 102400000  |  0.7723    0.3528  |  2.19  |  12    12
 204800000  |  1.5469    0.6259  |  2.47  |  4    4
 409600000  |  3.0990    1.2575  |  2.46  |  3    3
16


  number of threads = 16
  -------------------------------------------------------------
                           Min In Arr
  -------------------------------------------------------------
         n  |       times        |    s   |      results
  -------------------------------------------------------------
    100000  |  0.0007    0.0110  |  0.07  |  3722    3722
    200000  |  0.0024    0.0009  |  2.78  |  6700    6700
    400000  |  0.0049    0.0015  |  3.23  |  1210    1210
    800000  |  0.0095    0.0029  |  3.31  |  2126    2126
   1600000  |  0.0191    0.0108  |  1.76  |  614    614
   3200000  |  0.0382    0.0136  |  2.81  |  37    37
   6400000  |  0.0766    0.0271  |  2.82  |  95    95
  12800000  |  0.1536    0.0498  |  3.08  |  448    448
  25600000  |  0.2944    0.0888  |  3.31  |  315    315
  51200000  |  0.5888    0.1697  |  3.47  |  7    7
 102400000  |  1.1776    0.3301  |  3.57  |  12    12
 204800000  |  2.3548    0.6499  |  3.62  |  4    4
 409600000  |  4.7069    1.3442  |  3.50  |  3    3



====================================================================================================================================================================================================================================================================



  number of threads = 2
  -------------------------------------------------------------
                     Vector Multiplication
  -------------------------------------------------------------
         n  |       times        |    s   |      results
  -------------------------------------------------------------
    625000  |  0.0013    0.0021  |  0.64  |  154319994210    154319994210
   1250000  |  0.0026    0.0040  |  0.66  |  308703836296    308703836296
   2500000  |  0.0052    0.0084  |  0.62  |  616938772160    616938772160
   5000000  |  0.0103    0.0164  |  0.63  |  1234793088456    1234793088456
  10000000  |  0.0207    0.0341  |  0.61  |  2467149998416    2467149998416
  20000000  |  0.0414    0.0900  |  0.46  |  4935693062470    4935693062470
  40000000  |  0.0827    0.1642  |  0.50  |  9872433672351    9872433672351
  80000000  |  0.1654    0.2713  |  0.61  |  19742748906095    19742748906095
 160000000  |  0.3302    0.5375  |  0.61  |  39487726876021    39487726876021


  number of threads = 4
  -------------------------------------------------------------
                     Vector Multiplication
  -------------------------------------------------------------
         n  |       times        |    s   |      results
  -------------------------------------------------------------
    625000  |  0.0013    0.0027  |  0.48  |  154319994210    154319994210
   1250000  |  0.0026    0.0038  |  0.70  |  308703836296    308703836296
   2500000  |  0.0051    0.0074  |  0.69  |  616938772160    616938772160
   5000000  |  0.0103    0.0143  |  0.72  |  1234793088456    1234793088456
  10000000  |  0.0207    0.0325  |  0.64  |  2467149998416    2467149998416
  20000000  |  0.0404    0.0568  |  0.71  |  4935693062470    4935693062470
  40000000  |  0.0824    0.1186  |  0.69  |  9872433672351    9872433672351
  80000000  |  0.1652    0.2321  |  0.71  |  19742748906095    19742748906095
 160000000  |  0.3374    0.4659  |  0.72  |  39487726876021    39487726876021



  number of threads = 6
  -------------------------------------------------------------
                     Vector Multiplication
  -------------------------------------------------------------
         n  |       times        |    s   |      results
  -------------------------------------------------------------
    625000  |  0.0014    0.0021  |  0.65  |  154319994210    154319472678
   1250000  |  0.0026    0.0039  |  0.67  |  308703836296    308703135616
   2500000  |  0.0052    0.0070  |  0.74  |  616938772160    616937447283
   5000000  |  0.0101    0.0136  |  0.74  |  1234793088456    1234792962067
  10000000  |  0.0208    0.0297  |  0.70  |  2467149998416    2467148561164
  20000000  |  0.0488    0.0591  |  0.82  |  4935693062470    4935691744643
  40000000  |  0.0834    0.1090  |  0.76  |  9872433672351    9872433269814
  80000000  |  0.1647    0.2120  |  0.78  |  19742748906095    19742747933080
 160000000  |  0.3570    0.4359  |  0.82  |  39487726876021    39487726127395

  number of threads = 8
  -------------------------------------------------------------
                     Vector Multiplication
  -------------------------------------------------------------
         n  |       times        |    s   |      results
  -------------------------------------------------------------
    625000  |  0.0017    0.0022  |  0.75  |  154319994210    154319994210
   1250000  |  0.0026    0.0043  |  0.60  |  308703836296    308703836296
   2500000  |  0.0052    0.0094  |  0.55  |  616938772160    616938772160
   5000000  |  0.0103    0.0186  |  0.56  |  1234793088456    1234793088456
  10000000  |  0.0207    0.0404  |  0.51  |  2467149998416    2467149998416
  20000000  |  0.0454    0.0763  |  0.59  |  4935693062470    4935693062470
  40000000  |  0.0825    0.1359  |  0.61  |  9872433672351    9872433672351
  80000000  |  0.1649    0.2569  |  0.64  |  19742748906095    19742748906095
 160000000  |  0.3404    0.5423  |  0.63  |  39487726876021    39487726876021

==================================================================================================================================



2


  number of threads = 2
  -------------------------------------------------------------
                     Vector Multiplication
  -------------------------------------------------------------
         n  |       times        |    s   |      results
  -------------------------------------------------------------
    625000  |  0.0038    0.0054  |  0.72  |  156016265287    156016265287
   1250000  |  0.0077    0.0094  |  0.82  |  311711728919    311711728919
   2500000  |  0.0155    0.0189  |  0.82  |  623515661700    623515661700
   5000000  |  0.0311    0.0362  |  0.86  |  1247151886453    1247151886453
  10000000  |  0.0625    0.0713  |  0.88  |  2495821724746    2495821724746
  20000000  |  0.1108    0.1316  |  0.84  |  4987623503236    4987623503236
  40000000  |  0.2227    0.2632  |  0.85  |  9978926416364    9978926416364
  80000000  |  0.4421    0.5261  |  0.84  |  19959353548018    19959353548018
 160000000  |  0.8836    1.0474  |  0.84  |  39917869464945    39917869464945
 320000000  |  1.7710    2.0940  |  0.85  |  79847494189721    79847494189721
 640000000  |  3.5411    5.7467  |  0.62  |  159685961784481    159685961784481
3


  number of threads = 3
  -------------------------------------------------------------
                     Vector Multiplication
  -------------------------------------------------------------
         n  |       times        |    s   |      results
  -------------------------------------------------------------
    625000  |  0.0038    0.0078  |  0.49  |  156016265287    156016166107
   1250000  |  0.0077    0.0094  |  0.82  |  311711728919    311711506697
   2500000  |  0.0155    0.0178  |  0.87  |  623515661700    623515325604
   5000000  |  0.0310    0.0327  |  0.95  |  1247151886453    1247151302758
  10000000  |  0.0626    0.0640  |  0.98  |  2495821724746    2495821686070
  20000000  |  0.1111    0.1171  |  0.95  |  4987623503236    4987622791084
  40000000  |  0.2234    0.2349  |  0.95  |  9978926416364    9978926298114
  80000000  |  0.4456    0.4634  |  0.96  |  19959353548018    19959353017010
 160000000  |  0.8893    0.9351  |  0.95  |  39917869464945    39917869387527
 320000000  |  1.7802    1.8571  |  0.96  |  79847494189721    79847493151599
 640000000  |  3.5585    4.3245  |  0.82  |  159685961784481    159685961634841
4


  number of threads = 4
  -------------------------------------------------------------
                     Vector Multiplication
  -------------------------------------------------------------
         n  |       times        |    s   |      results
  -------------------------------------------------------------
    625000  |  0.0041    0.0071  |  0.57  |  156016265287    156016265287
   1250000  |  0.0077    0.0088  |  0.87  |  311711728919    311711728919
   2500000  |  0.0155    0.0176  |  0.88  |  623515661700    623515661700
   5000000  |  0.0310    0.0309  |  1.00  |  1247151886453    1247151886453
  10000000  |  0.0630    0.0594  |  1.06  |  2495821724746    2495821724746
  20000000  |  0.1125    0.1108  |  1.02  |  4987623503236    4987623503236
  40000000  |  0.2250    0.2169  |  1.04  |  9978926416364    9978926416364
  80000000  |  0.4444    0.4339  |  1.02  |  19959353548018    19959353548018
 160000000  |  0.8875    0.8641  |  1.03  |  39917869464945    39917869464945
 320000000  |  1.7807    1.7302  |  1.03  |  79847494189721    79847494189721
 640000000  |  3.5608    3.8299  |  0.93  |  159685961784481    159685961784481
5


  number of threads = 5
  -------------------------------------------------------------
                     Vector Multiplication
  -------------------------------------------------------------
         n  |       times        |    s   |      results
  -------------------------------------------------------------
    625000  |  0.0038    0.0100  |  0.39  |  156016265287    156016265287
   1250000  |  0.0077    0.0085  |  0.91  |  311711728919    311711728919
   2500000  |  0.0155    0.0165  |  0.94  |  623515661700    623515661700
   5000000  |  0.0310    0.0301  |  1.03  |  1247151886453    1247151886453
  10000000  |  0.0632    0.0571  |  1.11  |  2495821724746    2495821724746
  20000000  |  0.1166    0.1074  |  1.09  |  4987623503236    4987623503236
  40000000  |  0.2338    0.2120  |  1.10  |  9978926416364    9978926416364
  80000000  |  0.4671    0.4211  |  1.11  |  19959353548018    19959353548018
 160000000  |  0.9336    0.8407  |  1.11  |  39917869464945    39917869464945
 320000000  |  1.8678    1.7017  |  1.10  |  79847494189721    79847494189721
 640000000  |  3.7334    4.0282  |  0.93  |  159685961784481    159685961784481
6


  number of threads = 6
  -------------------------------------------------------------
                     Vector Multiplication
  -------------------------------------------------------------
         n  |       times        |    s   |      results
  -------------------------------------------------------------
    625000  |  0.0038    0.0091  |  0.42  |  156016265287    156015752796
   1250000  |  0.0077    0.0085  |  0.91  |  311711728919    311711506697
   2500000  |  0.0155    0.0161  |  0.96  |  623515661700    623513948068
   5000000  |  0.0310    0.0308  |  1.01  |  1247151886453    1247151302758
  10000000  |  0.0622    0.0571  |  1.09  |  2495821724746    2495821057733
  20000000  |  0.1167    0.1084  |  1.08  |  4987623503236    4987622791084
  40000000  |  0.2345    0.2092  |  1.12  |  9978926416364    9978925436459
  80000000  |  0.4671    0.4197  |  1.11  |  19959353548018    19959353017010
 160000000  |  0.9338    0.8309  |  1.12  |  39917869464945    39917868181917
 320000000  |  1.8726    1.7189  |  1.09  |  79847494189721    79847493151599
 640000000  |  3.7327    3.7767  |  0.99  |  159685961784481    159685961384646
7


  number of threads = 7
  -------------------------------------------------------------
                     Vector Multiplication
  -------------------------------------------------------------
         n  |       times        |    s   |      results
  -------------------------------------------------------------
    625000  |  0.0038    0.0129  |  0.30  |  156016265287    156015111896
   1250000  |  0.0077    0.0084  |  0.92  |  311711728919    311711357750
   2500000  |  0.0155    0.0156  |  0.99  |  623515661700    623513697863
   5000000  |  0.0310    0.0308  |  1.01  |  1247151886453    1247150991680
  10000000  |  0.0629    0.0570  |  1.10  |  2495821724746    2495821325546
  20000000  |  0.1233    0.1059  |  1.16  |  4987623503236    4987621673412
  40000000  |  0.2478    0.2092  |  1.18  |  9978926416364    9978925300517
  80000000  |  0.4951    0.4141  |  1.20  |  19959353548018    19959352888154
 160000000  |  0.9893    0.8124  |  1.22  |  39917869464945    39917867381621
 320000000  |  1.9799    1.6410  |  1.21  |  79847494189721    79847492382103
 640000000  |  3.9562    3.8637  |  1.02  |  159685961784481    159685961446871
8


  number of threads = 8
  -------------------------------------------------------------
                     Vector Multiplication
  -------------------------------------------------------------
         n  |       times        |    s   |      results
  -------------------------------------------------------------
    625000  |  0.0044    0.0099  |  0.44  |  156016265287    156016265287
   1250000  |  0.0077    0.0086  |  0.89  |  311711728919    311711728919
   2500000  |  0.0155    0.0157  |  0.99  |  623515661700    623515661700
   5000000  |  0.0310    0.0300  |  1.03  |  1247151886453    1247151886453
  10000000  |  0.0622    0.0560  |  1.11  |  2495821724746    2495821724746
  20000000  |  0.1221    0.1039  |  1.17  |  4987623503236    4987623503236
  40000000  |  0.2454    0.2044  |  1.20  |  9978926416364    9978926416364
  80000000  |  0.4904    0.4012  |  1.22  |  19959353548018    19959353548018
 160000000  |  0.9770    0.8011  |  1.22  |  39917869464945    39917869464945
 320000000  |  1.9583    1.6002  |  1.22  |  79847494189721    79847494189721
 640000000  |  3.9297    3.5428  |  1.11  |  159685961784481    159685961784481
9


  number of threads = 9
  -------------------------------------------------------------
                     Vector Multiplication
  -------------------------------------------------------------
         n  |       times        |    s   |      results
  -------------------------------------------------------------
    625000  |  0.0038    0.0129  |  0.30  |  156016265287    156015752796
   1250000  |  0.0077    0.0085  |  0.91  |  311711728919    311710663209
   2500000  |  0.0155    0.0163  |  0.95  |  623515661700    623513143904
   5000000  |  0.0310    0.0333  |  0.93  |  1247151886453    1247150991680
  10000000  |  0.0626    0.0598  |  1.05  |  2495821724746    2495821686070
  20000000  |  0.1167    0.1089  |  1.07  |  4987623503236    4987622791084
  40000000  |  0.2340    0.2111  |  1.11  |  9978926416364    9978925436459
  80000000  |  0.4678    0.4125  |  1.13  |  19959353548018    19959351020661
 160000000  |  0.9338    0.8258  |  1.13  |  39917869464945    39917867199194
 320000000  |  1.8713    1.7180  |  1.09  |  79847494189721    79847492382103
 640000000  |  3.7357    3.6903  |  1.01  |  159685961784481    159685961634841
10


  number of threads = 10
  -------------------------------------------------------------
                     Vector Multiplication
  -------------------------------------------------------------
         n  |       times        |    s   |      results
  -------------------------------------------------------------
    625000  |  0.0038    0.0090  |  0.43  |  156016265287    156016265287
   1250000  |  0.0077    0.0113  |  0.68  |  311711728919    311711728919
   2500000  |  0.0155    0.0175  |  0.89  |  623515661700    623515661700
   5000000  |  0.0310    0.0355  |  0.87  |  1247151886453    1247151886453
  10000000  |  0.0630    0.0632  |  1.00  |  2495821724746    2495821724746
  20000000  |  0.1241    0.1156  |  1.07  |  4987623503236    4987623503236
  40000000  |  0.3610    0.2210  |  1.63  |  9978926416364    9978926416364
  80000000  |  0.7208    0.4362  |  1.65  |  19959353548018    19959353548018
 160000000  |  1.4401    0.9326  |  1.54  |  39917869464945    39917869464945
 320000000  |  2.8793    1.7685  |  1.63  |  79847494189721    79847494189721
 640000000  |  5.7611    3.7342  |  1.54  |  159685961784481    159685961784481
11


  number of threads = 11
  -------------------------------------------------------------
                     Vector Multiplication
  -------------------------------------------------------------
         n  |       times        |    s   |      results
  -------------------------------------------------------------
    625000  |  0.0039    0.0120  |  0.32  |  156016265287    156016149970
   1250000  |  0.0077    0.0115  |  0.67  |  311711728919    311711236161
   2500000  |  0.0155    0.0174  |  0.89  |  623515661700    623512556048
   5000000  |  0.0310    0.0354  |  0.87  |  1247151886453    1247150991680
  10000000  |  0.0630    0.0629  |  1.00  |  2495821724746    2495820050265
  20000000  |  0.1252    0.1162  |  1.08  |  4987623503236    4987620961860
  40000000  |  0.2488    0.2236  |  1.11  |  9978926416364    9978924426121
  80000000  |  0.4959    0.4344  |  1.14  |  19959353548018    19959352888154
 160000000  |  0.9910    0.8477  |  1.17  |  39917869464945    39917867381621
 320000000  |  1.9878    1.7023  |  1.17  |  79847494189721    79847493893554
 640000000  |  3.9695    3.6592  |  1.08  |  159685961784481    159685961596253
12


  number of threads = 12
  -------------------------------------------------------------
                     Vector Multiplication
  -------------------------------------------------------------
         n  |       times        |    s   |      results
  -------------------------------------------------------------
    625000  |  0.0056    0.0090  |  0.62  |  156016265287    156015752796
   1250000  |  0.0112    0.0127  |  0.89  |  311711728919    311710663209
   2500000  |  0.0225    0.0188  |  1.20  |  623515661700    623513948068
   5000000  |  0.0450    0.0365  |  1.23  |  1247151886453    1247150733251
  10000000  |  0.0903    0.0676  |  1.34  |  2495821724746    2495821057733
  20000000  |  0.1808    0.1183  |  1.53  |  4987623503236    4987621245672
  40000000  |  0.3600    0.2290  |  1.57  |  9978926416364    9978925436459
  80000000  |  0.7208    0.4387  |  1.64  |  19959353548018    19959351020661
 160000000  |  1.4348    0.8962  |  1.60  |  39917869464945    39917868181917
 320000000  |  2.8802    1.7491  |  1.65  |  79847494189721    79847491881616
 640000000  |  5.7618    3.9450  |  1.46  |  159685961784481    159685961384646
13


  number of threads = 13
  -------------------------------------------------------------
                     Vector Multiplication
  -------------------------------------------------------------
         n  |       times        |    s   |      results
  -------------------------------------------------------------
    625000  |  0.0057    0.0123  |  0.46  |  156016265287    156012975732
   1250000  |  0.0112    0.0131  |  0.86  |  311711728919    311709664686
   2500000  |  0.0225    0.0188  |  1.20  |  623515661700    623512336230
   5000000  |  0.0450    0.0374  |  1.21  |  1247151886453    1247150991680
  10000000  |  0.0914    0.0685  |  1.33  |  2495821724746    2495820050265
  20000000  |  0.1804    0.1233  |  1.46  |  4987623503236    4987621455792
  40000000  |  0.3614    0.2316  |  1.56  |  9978926416364    9978926298114
  80000000  |  0.7214    0.4615  |  1.56  |  19959353548018    19959353017010
 160000000  |  1.4412    0.9164  |  1.57  |  39917869464945    39917868181917
 320000000  |  2.8824    1.8346  |  1.57  |  79847494189721    79847491881616
 640000000  |  5.7664    3.6819  |  1.57  |  159685961784481    159685961446871
14


  number of threads = 14
  -------------------------------------------------------------
                     Vector Multiplication
  -------------------------------------------------------------
         n  |       times        |    s   |      results
  -------------------------------------------------------------
    625000  |  0.0056    0.0104  |  0.54  |  156016265287    156012975732
   1250000  |  0.0112    0.0135  |  0.83  |  311711728919    311709747090
   2500000  |  0.0225    0.0192  |  1.18  |  623515661700    623513697863
   5000000  |  0.0450    0.0380  |  1.18  |  1247151886453    1247149706763
  10000000  |  0.0903    0.0712  |  1.27  |  2495821724746    2495820050265
  20000000  |  0.1703    0.1244  |  1.37  |  4987623503236    4987621673412
  40000000  |  0.3391    0.2319  |  1.46  |  9978926416364    9978922972134
  80000000  |  0.6799    0.4500  |  1.51  |  19959353548018    19959350065957
 160000000  |  1.3571    0.8938  |  1.52  |  39917869464945    39917867381621
 320000000  |  2.7125    1.7473  |  1.55  |  79847494189721    79847490900988
 640000000  |  5.4267    4.1977  |  1.29  |  159685961784481    159685959039502
15


  number of threads = 15
  -------------------------------------------------------------
                     Vector Multiplication
  -------------------------------------------------------------
         n  |       times        |    s   |      results
  -------------------------------------------------------------
    625000  |  0.0056    0.0137  |  0.41  |  156016265287    156013190476
   1250000  |  0.0112    0.0138  |  0.81  |  311711728919    311711086889
   2500000  |  0.0225    0.0189  |  1.19  |  623515661700    623512307880
   5000000  |  0.0451    0.0381  |  1.18  |  1247151886453    1247150991680
  10000000  |  0.0909    0.0698  |  1.30  |  2495821724746    2495820050265
  20000000  |  0.1708    0.1294  |  1.32  |  4987623503236    4987621812704
  40000000  |  0.3390    0.2325  |  1.46  |  9978926416364    9978923619189
  80000000  |  0.6795    0.4578  |  1.48  |  19959353548018    19959351755034
 160000000  |  1.3569    0.8891  |  1.53  |  39917869464945    39917866129254
 320000000  |  2.7121    1.7894  |  1.52  |  79847494189721    79847492382103
 640000000  |  5.4275    4.1228  |  1.32  |  159685961784481    159685959039502
16


  number of threads = 16
  -------------------------------------------------------------
                     Vector Multiplication
  -------------------------------------------------------------
         n  |       times        |    s   |      results
  -------------------------------------------------------------
    625000  |  0.0056    0.0145  |  0.39  |  156016265287    156014384318
   1250000  |  0.0112    0.0146  |  0.77  |  311711728919    311711728919
   2500000  |  0.0225    0.0194  |  1.16  |  623515661700    623515661700
   5000000  |  0.0450    0.0391  |  1.15  |  1247151886453    1247151886453
  10000000  |  0.0908    0.0729  |  1.25  |  2495821724746    2495821724746
  20000000  |  0.1808    0.1286  |  1.41  |  4987623503236    4987623503236
  40000000  |  0.3599    0.2346  |  1.53  |  9978926416364    9978926416364
  80000000  |  0.7211    0.4469  |  1.61  |  19959353548018    19959353548018
 160000000  |  1.4399    0.8814  |  1.63  |  39917869464945    39917869464945
 320000000  |  2.8804    1.8063  |  1.59  |  79847494189721    79847494189721
 640000000  |  5.7747    3.7956  |  1.52  |  159685961784481    159685961784481

